[
    {
        "file_path": "./data/r_4_-1.png",
        "time": -0.016666666666666666,
        "c2w": [
            [
                0.906073366169628,
                0.3312687954185144,
                -0.2632338129876283,
                -0.1439559906721115
            ],
            [
                -2.5908665360915135e-17,
                0.6221247640740407,
                0.7829181169993573,
                0.42815834283828735
            ],
            [
                0.42312061533094697,
                -0.7093812537047943,
                0.5636906791620517,
                0.30826833844184875
            ]
        ],
        "intrinsic": [
            [
                0.125,
                0.0,
                400.0
            ],
            [
                0.0,
                0.125,
                400.0
            ],
            [
                0.0,
                0.0,
                1.0
            ]
        ]
    },
    {
        "file_path": "./data/r_4_0.png",
        "time": 0.016666666666666666,
        "c2w": [
            [
                0.906073366169628,
                0.3312687954185144,
                -0.2632338129876283,
                -0.1439559906721115
            ],
            [
                -2.5908665360915135e-17,
                0.6221247640740407,
                0.7829181169993573,
                0.42815834283828735
            ],
            [
                0.42312061533094697,
                -0.7093812537047943,
                0.5636906791620517,
                0.30826833844184875
            ]
        ],
        "intrinsic": [
            [
                0.125,
                0.0,
                400.0
            ],
            [
                0.0,
                0.125,
                400.0
            ],
            [
                0.0,
                0.0,
                1.0
            ]
        ]
    },
    {
        "file_path": "./data/r_4_1.png",
        "time": 0.03333333333333333,
        "c2w": [
            [
                0.906073366169628,
                0.3312687954185144,
                -0.2632338129876283,
                -0.1439559906721115
            ],
            [
                -2.5908665360915135e-17,
                0.6221247640740407,
                0.7829181169993573,
                0.42815834283828735
            ],
            [
                0.42312061533094697,
                -0.7093812537047943,
                0.5636906791620517,
                0.30826833844184875
            ]
        ],
        "intrinsic": [
            [
                0.125,
                0.0,
                400.0
            ],
            [
                0.0,
                0.125,
                400.0
            ],
            [
                0.0,
                0.0,
                1.0
            ]
        ]
    },
    {
        "file_path": "./data/r_4_2.png",
        "time": 0.05,
        "c2w": [
            [
                0.906073366169628,
                0.3312687954185144,
                -0.2632338129876283,
                -0.1439559906721115
            ],
            [
                -2.5908665360915135e-17,
                0.6221247640740407,
                0.7829181169993573,
                0.42815834283828735
            ],
            [
                0.42312061533094697,
                -0.7093812537047943,
                0.5636906791620517,
                0.30826833844184875
            ]
        ],
        "intrinsic": [
            [
                0.125,
                0.0,
                400.0
            ],
            [
                0.0,
                0.125,
                400.0
            ],
            [
                0.0,
                0.0,
                1.0
            ]
        ]
    },
    {
        "file_path": "./data/r_4_3.png",
        "time": 0.06666666666666667,
        "c2w": [
            [
                0.906073366169628,
                0.3312687954185144,
                -0.2632338129876283,
                -0.1439559906721115
            ],
            [
                -2.5908665360915135e-17,
                0.6221247640740407,
                0.7829181169993573,
                0.42815834283828735
            ],
            [
                0.42312061533094697,
                -0.7093812537047943,
                0.5636906791620517,
                0.30826833844184875
            ]
        ],
        "intrinsic": [
            [
                0.125,
                0.0,
                400.0
            ],
            [
                0.0,
                0.125,
                400.0
            ],
            [
                0.0,
                0.0,
                1.0
            ]
        ]
    },
    {
        "file_path": "./data/r_4_4.png",
        "time": 0.08333333333333333,
        "c2w": [
            [
                0.906073366169628,
                0.3312687954185144,
                -0.2632338129876283,
                -0.1439559906721115
            ],
            [
                -2.5908665360915135e-17,
                0.6221247640740407,
                0.7829181169993573,
                0.42815834283828735
            ],
            [
                0.42312061533094697,
                -0.7093812537047943,
                0.5636906791620517,
                0.30826833844184875
            ]
        ],
        "intrinsic": [
            [
                0.125,
                0.0,
                400.0
            ],
            [
                0.0,
                0.125,
                400.0
            ],
            [
                0.0,
                0.0,
                1.0
            ]
        ]
    },
    {
        "file_path": "./data/r_4_5.png",
        "time": 0.1,
        "c2w": [
            [
                0.906073366169628,
                0.3312687954185144,
                -0.2632338129876283,
                -0.1439559906721115
            ],
            [
                -2.5908665360915135e-17,
                0.6221247640740407,
                0.7829181169993573,
                0.42815834283828735
            ],
            [
                0.42312061533094697,
                -0.7093812537047943,
                0.5636906791620517,
                0.30826833844184875
            ]
        ],
        "intrinsic": [
            [
                0.125,
                0.0,
                400.0
            ],
            [
                0.0,
                0.125,
                400.0
            ],
            [
                0.0,
                0.0,
                1.0
            ]
        ]
    },
    {
        "file_path": "./data/r_4_6.png",
        "time": 0.11666666666666667,
        "c2w": [
            [
                0.906073366169628,
                0.3312687954185144,
                -0.2632338129876283,
                -0.1439559906721115
            ],
            [
                -2.5908665360915135e-17,
                0.6221247640740407,
                0.7829181169993573,
                0.42815834283828735
            ],
            [
                0.42312061533094697,
                -0.7093812537047943,
                0.5636906791620517,
                0.30826833844184875
            ]
        ],
        "intrinsic": [
            [
                0.125,
                0.0,
                400.0
            ],
            [
                0.0,
                0.125,
                400.0
            ],
            [
                0.0,
                0.0,
                1.0
            ]
        ]
    },
    {
        "file_path": "./data/r_4_7.png",
        "time": 0.13333333333333333,
        "c2w": [
            [
                0.906073366169628,
                0.3312687954185144,
                -0.2632338129876283,
                -0.1439559906721115
            ],
            [
                -2.5908665360915135e-17,
                0.6221247640740407,
                0.7829181169993573,
                0.42815834283828735
            ],
            [
                0.42312061533094697,
                -0.7093812537047943,
                0.5636906791620517,
                0.30826833844184875
            ]
        ],
        "intrinsic": [
            [
                0.125,
                0.0,
                400.0
            ],
            [
                0.0,
                0.125,
                400.0
            ],
            [
                0.0,
                0.0,
                1.0
            ]
        ]
    },
    {
        "file_path": "./data/r_4_8.png",
        "time": 0.15,
        "c2w": [
            [
                0.906073366169628,
                0.3312687954185144,
                -0.2632338129876283,
                -0.1439559906721115
            ],
            [
                -2.5908665360915135e-17,
                0.6221247640740407,
                0.7829181169993573,
                0.42815834283828735
            ],
            [
                0.42312061533094697,
                -0.7093812537047943,
                0.5636906791620517,
                0.30826833844184875
            ]
        ],
        "intrinsic": [
            [
                0.125,
                0.0,
                400.0
            ],
            [
                0.0,
                0.125,
                400.0
            ],
            [
                0.0,
                0.0,
                1.0
            ]
        ]
    },
    {
        "file_path": "./data/r_4_9.png",
        "time": 0.16666666666666666,
        "c2w": [
            [
                0.906073366169628,
                0.3312687954185144,
                -0.2632338129876283,
                -0.1439559906721115
            ],
            [
                -2.5908665360915135e-17,
                0.6221247640740407,
                0.7829181169993573,
                0.42815834283828735
            ],
            [
                0.42312061533094697,
                -0.7093812537047943,
                0.5636906791620517,
                0.30826833844184875
            ]
        ],
        "intrinsic": [
            [
                0.125,
                0.0,
                400.0
            ],
            [
                0.0,
                0.125,
                400.0
            ],
            [
                0.0,
                0.0,
                1.0
            ]
        ]
    },
    {
        "file_path": "./data/r_4_10.png",
        "time": 0.18333333333333332,
        "c2w": [
            [
                0.906073366169628,
                0.3312687954185144,
                -0.2632338129876283,
                -0.1439559906721115
            ],
            [
                -2.5908665360915135e-17,
                0.6221247640740407,
                0.7829181169993573,
                0.42815834283828735
            ],
            [
                0.42312061533094697,
                -0.7093812537047943,
                0.5636906791620517,
                0.30826833844184875
            ]
        ],
        "intrinsic": [
            [
                0.125,
                0.0,
                400.0
            ],
            [
                0.0,
                0.125,
                400.0
            ],
            [
                0.0,
                0.0,
                1.0
            ]
        ]
    },
    {
        "file_path": "./data/r_4_11.png",
        "time": 0.2,
        "c2w": [
            [
                0.906073366169628,
                0.3312687954185144,
                -0.2632338129876283,
                -0.1439559906721115
            ],
            [
                -2.5908665360915135e-17,
                0.6221247640740407,
                0.7829181169993573,
                0.42815834283828735
            ],
            [
                0.42312061533094697,
                -0.7093812537047943,
                0.5636906791620517,
                0.30826833844184875
            ]
        ],
        "intrinsic": [
            [
                0.125,
                0.0,
                400.0
            ],
            [
                0.0,
                0.125,
                400.0
            ],
            [
                0.0,
                0.0,
                1.0
            ]
        ]
    },
    {
        "file_path": "./data/r_4_12.png",
        "time": 0.21666666666666667,
        "c2w": [
            [
                0.906073366169628,
                0.3312687954185144,
                -0.2632338129876283,
                -0.1439559906721115
            ],
            [
                -2.5908665360915135e-17,
                0.6221247640740407,
                0.7829181169993573,
                0.42815834283828735
            ],
            [
                0.42312061533094697,
                -0.7093812537047943,
                0.5636906791620517,
                0.30826833844184875
            ]
        ],
        "intrinsic": [
            [
                0.125,
                0.0,
                400.0
            ],
            [
                0.0,
                0.125,
                400.0
            ],
            [
                0.0,
                0.0,
                1.0
            ]
        ]
    },
    {
        "file_path": "./data/r_4_13.png",
        "time": 0.23333333333333334,
        "c2w": [
            [
                0.906073366169628,
                0.3312687954185144,
                -0.2632338129876283,
                -0.1439559906721115
            ],
            [
                -2.5908665360915135e-17,
                0.6221247640740407,
                0.7829181169993573,
                0.42815834283828735
            ],
            [
                0.42312061533094697,
                -0.7093812537047943,
                0.5636906791620517,
                0.30826833844184875
            ]
        ],
        "intrinsic": [
            [
                0.125,
                0.0,
                400.0
            ],
            [
                0.0,
                0.125,
                400.0
            ],
            [
                0.0,
                0.0,
                1.0
            ]
        ]
    },
    {
        "file_path": "./data/r_4_14.png",
        "time": 0.25,
        "c2w": [
            [
                0.906073366169628,
                0.3312687954185144,
                -0.2632338129876283,
                -0.1439559906721115
            ],
            [
                -2.5908665360915135e-17,
                0.6221247640740407,
                0.7829181169993573,
                0.42815834283828735
            ],
            [
                0.42312061533094697,
                -0.7093812537047943,
                0.5636906791620517,
                0.30826833844184875
            ]
        ],
        "intrinsic": [
            [
                0.125,
                0.0,
                400.0
            ],
            [
                0.0,
                0.125,
                400.0
            ],
            [
                0.0,
                0.0,
                1.0
            ]
        ]
    },
    {
        "file_path": "./data/r_4_15.png",
        "time": 0.26666666666666666,
        "c2w": [
            [
                0.906073366169628,
                0.3312687954185144,
                -0.2632338129876283,
                -0.1439559906721115
            ],
            [
                -2.5908665360915135e-17,
                0.6221247640740407,
                0.7829181169993573,
                0.42815834283828735
            ],
            [
                0.42312061533094697,
                -0.7093812537047943,
                0.5636906791620517,
                0.30826833844184875
            ]
        ],
        "intrinsic": [
            [
                0.125,
                0.0,
                400.0
            ],
            [
                0.0,
                0.125,
                400.0
            ],
            [
                0.0,
                0.0,
                1.0
            ]
        ]
    },
    {
        "file_path": "./data/r_4_16.png",
        "time": 0.2833333333333333,
        "c2w": [
            [
                0.906073366169628,
                0.3312687954185144,
                -0.2632338129876283,
                -0.1439559906721115
            ],
            [
                -2.5908665360915135e-17,
                0.6221247640740407,
                0.7829181169993573,
                0.42815834283828735
            ],
            [
                0.42312061533094697,
                -0.7093812537047943,
                0.5636906791620517,
                0.30826833844184875
            ]
        ],
        "intrinsic": [
            [
                0.125,
                0.0,
                400.0
            ],
            [
                0.0,
                0.125,
                400.0
            ],
            [
                0.0,
                0.0,
                1.0
            ]
        ]
    },
    {
        "file_path": "./data/r_4_17.png",
        "time": 0.3,
        "c2w": [
            [
                0.906073366169628,
                0.3312687954185144,
                -0.2632338129876283,
                -0.1439559906721115
            ],
            [
                -2.5908665360915135e-17,
                0.6221247640740407,
                0.7829181169993573,
                0.42815834283828735
            ],
            [
                0.42312061533094697,
                -0.7093812537047943,
                0.5636906791620517,
                0.30826833844184875
            ]
        ],
        "intrinsic": [
            [
                0.125,
                0.0,
                400.0
            ],
            [
                0.0,
                0.125,
                400.0
            ],
            [
                0.0,
                0.0,
                1.0
            ]
        ]
    },
    {
        "file_path": "./data/r_4_18.png",
        "time": 0.31666666666666665,
        "c2w": [
            [
                0.906073366169628,
                0.3312687954185144,
                -0.2632338129876283,
                -0.1439559906721115
            ],
            [
                -2.5908665360915135e-17,
                0.6221247640740407,
                0.7829181169993573,
                0.42815834283828735
            ],
            [
                0.42312061533094697,
                -0.7093812537047943,
                0.5636906791620517,
                0.30826833844184875
            ]
        ],
        "intrinsic": [
            [
                0.125,
                0.0,
                400.0
            ],
            [
                0.0,
                0.125,
                400.0
            ],
            [
                0.0,
                0.0,
                1.0
            ]
        ]
    },
    {
        "file_path": "./data/r_4_19.png",
        "time": 0.3333333333333333,
        "c2w": [
            [
                0.906073366169628,
                0.3312687954185144,
                -0.2632338129876283,
                -0.1439559906721115
            ],
            [
                -2.5908665360915135e-17,
                0.6221247640740407,
                0.7829181169993573,
                0.42815834283828735
            ],
            [
                0.42312061533094697,
                -0.7093812537047943,
                0.5636906791620517,
                0.30826833844184875
            ]
        ],
        "intrinsic": [
            [
                0.125,
                0.0,
                400.0
            ],
            [
                0.0,
                0.125,
                400.0
            ],
            [
                0.0,
                0.0,
                1.0
            ]
        ]
    },
    {
        "file_path": "./data/r_4_20.png",
        "time": 0.35,
        "c2w": [
            [
                0.906073366169628,
                0.3312687954185144,
                -0.2632338129876283,
                -0.1439559906721115
            ],
            [
                -2.5908665360915135e-17,
                0.6221247640740407,
                0.7829181169993573,
                0.42815834283828735
            ],
            [
                0.42312061533094697,
                -0.7093812537047943,
                0.5636906791620517,
                0.30826833844184875
            ]
        ],
        "intrinsic": [
            [
                0.125,
                0.0,
                400.0
            ],
            [
                0.0,
                0.125,
                400.0
            ],
            [
                0.0,
                0.0,
                1.0
            ]
        ]
    },
    {
        "file_path": "./data/r_4_21.png",
        "time": 0.36666666666666664,
        "c2w": [
            [
                0.906073366169628,
                0.3312687954185144,
                -0.2632338129876283,
                -0.1439559906721115
            ],
            [
                -2.5908665360915135e-17,
                0.6221247640740407,
                0.7829181169993573,
                0.42815834283828735
            ],
            [
                0.42312061533094697,
                -0.7093812537047943,
                0.5636906791620517,
                0.30826833844184875
            ]
        ],
        "intrinsic": [
            [
                0.125,
                0.0,
                400.0
            ],
            [
                0.0,
                0.125,
                400.0
            ],
            [
                0.0,
                0.0,
                1.0
            ]
        ]
    },
    {
        "file_path": "./data/r_4_22.png",
        "time": 0.3833333333333333,
        "c2w": [
            [
                0.906073366169628,
                0.3312687954185144,
                -0.2632338129876283,
                -0.1439559906721115
            ],
            [
                -2.5908665360915135e-17,
                0.6221247640740407,
                0.7829181169993573,
                0.42815834283828735
            ],
            [
                0.42312061533094697,
                -0.7093812537047943,
                0.5636906791620517,
                0.30826833844184875
            ]
        ],
        "intrinsic": [
            [
                0.125,
                0.0,
                400.0
            ],
            [
                0.0,
                0.125,
                400.0
            ],
            [
                0.0,
                0.0,
                1.0
            ]
        ]
    },
    {
        "file_path": "./data/r_4_23.png",
        "time": 0.4,
        "c2w": [
            [
                0.906073366169628,
                0.3312687954185144,
                -0.2632338129876283,
                -0.1439559906721115
            ],
            [
                -2.5908665360915135e-17,
                0.6221247640740407,
                0.7829181169993573,
                0.42815834283828735
            ],
            [
                0.42312061533094697,
                -0.7093812537047943,
                0.5636906791620517,
                0.30826833844184875
            ]
        ],
        "intrinsic": [
            [
                0.125,
                0.0,
                400.0
            ],
            [
                0.0,
                0.125,
                400.0
            ],
            [
                0.0,
                0.0,
                1.0
            ]
        ]
    },
    {
        "file_path": "./data/r_4_24.png",
        "time": 0.4166666666666667,
        "c2w": [
            [
                0.906073366169628,
                0.3312687954185144,
                -0.2632338129876283,
                -0.1439559906721115
            ],
            [
                -2.5908665360915135e-17,
                0.6221247640740407,
                0.7829181169993573,
                0.42815834283828735
            ],
            [
                0.42312061533094697,
                -0.7093812537047943,
                0.5636906791620517,
                0.30826833844184875
            ]
        ],
        "intrinsic": [
            [
                0.125,
                0.0,
                400.0
            ],
            [
                0.0,
                0.125,
                400.0
            ],
            [
                0.0,
                0.0,
                1.0
            ]
        ]
    },
    {
        "file_path": "./data/r_4_25.png",
        "time": 0.43333333333333335,
        "c2w": [
            [
                0.906073366169628,
                0.3312687954185144,
                -0.2632338129876283,
                -0.1439559906721115
            ],
            [
                -2.5908665360915135e-17,
                0.6221247640740407,
                0.7829181169993573,
                0.42815834283828735
            ],
            [
                0.42312061533094697,
                -0.7093812537047943,
                0.5636906791620517,
                0.30826833844184875
            ]
        ],
        "intrinsic": [
            [
                0.125,
                0.0,
                400.0
            ],
            [
                0.0,
                0.125,
                400.0
            ],
            [
                0.0,
                0.0,
                1.0
            ]
        ]
    },
    {
        "file_path": "./data/r_4_26.png",
        "time": 0.45,
        "c2w": [
            [
                0.906073366169628,
                0.3312687954185144,
                -0.2632338129876283,
                -0.1439559906721115
            ],
            [
                -2.5908665360915135e-17,
                0.6221247640740407,
                0.7829181169993573,
                0.42815834283828735
            ],
            [
                0.42312061533094697,
                -0.7093812537047943,
                0.5636906791620517,
                0.30826833844184875
            ]
        ],
        "intrinsic": [
            [
                0.125,
                0.0,
                400.0
            ],
            [
                0.0,
                0.125,
                400.0
            ],
            [
                0.0,
                0.0,
                1.0
            ]
        ]
    },
    {
        "file_path": "./data/r_4_27.png",
        "time": 0.4666666666666667,
        "c2w": [
            [
                0.906073366169628,
                0.3312687954185144,
                -0.2632338129876283,
                -0.1439559906721115
            ],
            [
                -2.5908665360915135e-17,
                0.6221247640740407,
                0.7829181169993573,
                0.42815834283828735
            ],
            [
                0.42312061533094697,
                -0.7093812537047943,
                0.5636906791620517,
                0.30826833844184875
            ]
        ],
        "intrinsic": [
            [
                0.125,
                0.0,
                400.0
            ],
            [
                0.0,
                0.125,
                400.0
            ],
            [
                0.0,
                0.0,
                1.0
            ]
        ]
    },
    {
        "file_path": "./data/r_4_28.png",
        "time": 0.48333333333333334,
        "c2w": [
            [
                0.906073366169628,
                0.3312687954185144,
                -0.2632338129876283,
                -0.1439559906721115
            ],
            [
                -2.5908665360915135e-17,
                0.6221247640740407,
                0.7829181169993573,
                0.42815834283828735
            ],
            [
                0.42312061533094697,
                -0.7093812537047943,
                0.5636906791620517,
                0.30826833844184875
            ]
        ],
        "intrinsic": [
            [
                0.125,
                0.0,
                400.0
            ],
            [
                0.0,
                0.125,
                400.0
            ],
            [
                0.0,
                0.0,
                1.0
            ]
        ]
    },
    {
        "file_path": "./data/r_4_29.png",
        "time": 0.5,
        "c2w": [
            [
                0.906073366169628,
                0.3312687954185144,
                -0.2632338129876283,
                -0.1439559906721115
            ],
            [
                -2.5908665360915135e-17,
                0.6221247640740407,
                0.7829181169993573,
                0.42815834283828735
            ],
            [
                0.42312061533094697,
                -0.7093812537047943,
                0.5636906791620517,
                0.30826833844184875
            ]
        ],
        "intrinsic": [
            [
                0.125,
                0.0,
                400.0
            ],
            [
                0.0,
                0.125,
                400.0
            ],
            [
                0.0,
                0.0,
                1.0
            ]
        ]
    },
    {
        "file_path": "./data/r_4_30.png",
        "time": 0.5166666666666666,
        "c2w": [
            [
                0.906073366169628,
                0.3312687954185144,
                -0.2632338129876283,
                -0.1439559906721115
            ],
            [
                -2.5908665360915135e-17,
                0.6221247640740407,
                0.7829181169993573,
                0.42815834283828735
            ],
            [
                0.42312061533094697,
                -0.7093812537047943,
                0.5636906791620517,
                0.30826833844184875
            ]
        ],
        "intrinsic": [
            [
                0.125,
                0.0,
                400.0
            ],
            [
                0.0,
                0.125,
                400.0
            ],
            [
                0.0,
                0.0,
                1.0
            ]
        ]
    },
    {
        "file_path": "./data/r_4_31.png",
        "time": 0.5333333333333333,
        "c2w": [
            [
                0.906073366169628,
                0.3312687954185144,
                -0.2632338129876283,
                -0.1439559906721115
            ],
            [
                -2.5908665360915135e-17,
                0.6221247640740407,
                0.7829181169993573,
                0.42815834283828735
            ],
            [
                0.42312061533094697,
                -0.7093812537047943,
                0.5636906791620517,
                0.30826833844184875
            ]
        ],
        "intrinsic": [
            [
                0.125,
                0.0,
                400.0
            ],
            [
                0.0,
                0.125,
                400.0
            ],
            [
                0.0,
                0.0,
                1.0
            ]
        ]
    },
    {
        "file_path": "./data/r_4_32.png",
        "time": 0.55,
        "c2w": [
            [
                0.906073366169628,
                0.3312687954185144,
                -0.2632338129876283,
                -0.1439559906721115
            ],
            [
                -2.5908665360915135e-17,
                0.6221247640740407,
                0.7829181169993573,
                0.42815834283828735
            ],
            [
                0.42312061533094697,
                -0.7093812537047943,
                0.5636906791620517,
                0.30826833844184875
            ]
        ],
        "intrinsic": [
            [
                0.125,
                0.0,
                400.0
            ],
            [
                0.0,
                0.125,
                400.0
            ],
            [
                0.0,
                0.0,
                1.0
            ]
        ]
    },
    {
        "file_path": "./data/r_4_33.png",
        "time": 0.5666666666666667,
        "c2w": [
            [
                0.906073366169628,
                0.3312687954185144,
                -0.2632338129876283,
                -0.1439559906721115
            ],
            [
                -2.5908665360915135e-17,
                0.6221247640740407,
                0.7829181169993573,
                0.42815834283828735
            ],
            [
                0.42312061533094697,
                -0.7093812537047943,
                0.5636906791620517,
                0.30826833844184875
            ]
        ],
        "intrinsic": [
            [
                0.125,
                0.0,
                400.0
            ],
            [
                0.0,
                0.125,
                400.0
            ],
            [
                0.0,
                0.0,
                1.0
            ]
        ]
    },
    {
        "file_path": "./data/r_4_34.png",
        "time": 0.5833333333333334,
        "c2w": [
            [
                0.906073366169628,
                0.3312687954185144,
                -0.2632338129876283,
                -0.1439559906721115
            ],
            [
                -2.5908665360915135e-17,
                0.6221247640740407,
                0.7829181169993573,
                0.42815834283828735
            ],
            [
                0.42312061533094697,
                -0.7093812537047943,
                0.5636906791620517,
                0.30826833844184875
            ]
        ],
        "intrinsic": [
            [
                0.125,
                0.0,
                400.0
            ],
            [
                0.0,
                0.125,
                400.0
            ],
            [
                0.0,
                0.0,
                1.0
            ]
        ]
    },
    {
        "file_path": "./data/r_4_35.png",
        "time": 0.6,
        "c2w": [
            [
                0.906073366169628,
                0.3312687954185144,
                -0.2632338129876283,
                -0.1439559906721115
            ],
            [
                -2.5908665360915135e-17,
                0.6221247640740407,
                0.7829181169993573,
                0.42815834283828735
            ],
            [
                0.42312061533094697,
                -0.7093812537047943,
                0.5636906791620517,
                0.30826833844184875
            ]
        ],
        "intrinsic": [
            [
                0.125,
                0.0,
                400.0
            ],
            [
                0.0,
                0.125,
                400.0
            ],
            [
                0.0,
                0.0,
                1.0
            ]
        ]
    },
    {
        "file_path": "./data/r_4_36.png",
        "time": 0.6166666666666667,
        "c2w": [
            [
                0.906073366169628,
                0.3312687954185144,
                -0.2632338129876283,
                -0.1439559906721115
            ],
            [
                -2.5908665360915135e-17,
                0.6221247640740407,
                0.7829181169993573,
                0.42815834283828735
            ],
            [
                0.42312061533094697,
                -0.7093812537047943,
                0.5636906791620517,
                0.30826833844184875
            ]
        ],
        "intrinsic": [
            [
                0.125,
                0.0,
                400.0
            ],
            [
                0.0,
                0.125,
                400.0
            ],
            [
                0.0,
                0.0,
                1.0
            ]
        ]
    },
    {
        "file_path": "./data/r_4_37.png",
        "time": 0.6333333333333333,
        "c2w": [
            [
                0.906073366169628,
                0.3312687954185144,
                -0.2632338129876283,
                -0.1439559906721115
            ],
            [
                -2.5908665360915135e-17,
                0.6221247640740407,
                0.7829181169993573,
                0.42815834283828735
            ],
            [
                0.42312061533094697,
                -0.7093812537047943,
                0.5636906791620517,
                0.30826833844184875
            ]
        ],
        "intrinsic": [
            [
                0.125,
                0.0,
                400.0
            ],
            [
                0.0,
                0.125,
                400.0
            ],
            [
                0.0,
                0.0,
                1.0
            ]
        ]
    },
    {
        "file_path": "./data/r_4_38.png",
        "time": 0.65,
        "c2w": [
            [
                0.906073366169628,
                0.3312687954185144,
                -0.2632338129876283,
                -0.1439559906721115
            ],
            [
                -2.5908665360915135e-17,
                0.6221247640740407,
                0.7829181169993573,
                0.42815834283828735
            ],
            [
                0.42312061533094697,
                -0.7093812537047943,
                0.5636906791620517,
                0.30826833844184875
            ]
        ],
        "intrinsic": [
            [
                0.125,
                0.0,
                400.0
            ],
            [
                0.0,
                0.125,
                400.0
            ],
            [
                0.0,
                0.0,
                1.0
            ]
        ]
    },
    {
        "file_path": "./data/r_4_39.png",
        "time": 0.6666666666666666,
        "c2w": [
            [
                0.906073366169628,
                0.3312687954185144,
                -0.2632338129876283,
                -0.1439559906721115
            ],
            [
                -2.5908665360915135e-17,
                0.6221247640740407,
                0.7829181169993573,
                0.42815834283828735
            ],
            [
                0.42312061533094697,
                -0.7093812537047943,
                0.5636906791620517,
                0.30826833844184875
            ]
        ],
        "intrinsic": [
            [
                0.125,
                0.0,
                400.0
            ],
            [
                0.0,
                0.125,
                400.0
            ],
            [
                0.0,
                0.0,
                1.0
            ]
        ]
    },
    {
        "file_path": "./data/r_4_40.png",
        "time": 0.6833333333333333,
        "c2w": [
            [
                0.906073366169628,
                0.3312687954185144,
                -0.2632338129876283,
                -0.1439559906721115
            ],
            [
                -2.5908665360915135e-17,
                0.6221247640740407,
                0.7829181169993573,
                0.42815834283828735
            ],
            [
                0.42312061533094697,
                -0.7093812537047943,
                0.5636906791620517,
                0.30826833844184875
            ]
        ],
        "intrinsic": [
            [
                0.125,
                0.0,
                400.0
            ],
            [
                0.0,
                0.125,
                400.0
            ],
            [
                0.0,
                0.0,
                1.0
            ]
