[
    {
        "file_path": "./data/r_4_-1.png",
        "time": -0.016666666666666666,
        "c2w": [
            [
                0.9184444072949394,
                0.3867730842199273,
                -0.08286405753794816,
                -0.04531628265976906
            ],
            [
                -2.422045734958896e-17,
                0.20949068253232742,
                0.9778106431882093,
                0.5347402095794678
            ],
            [
                0.39555008621999727,
                -0.8980647166296786,
                0.19240554575221577,
                0.1052217856049538
            ]
        ],
        "intrinsic": [
            [
                0.125,
                0.0,
                400.0
            ],
            [
                0.0,
                0.125,
                400.0
            ],
            [
                0.0,
                0.0,
                1.0
            ]
        ]
    },
    {
        "file_path": "./data/r_4_0.png",
        "time": 0.016666666666666666,
        "c2w": [
            [
                0.9184444072949394,
                0.3867730842199273,
                -0.08286405753794816,
                -0.04531628265976906
            ],
            [
                -2.422045734958896e-17,
                0.20949068253232742,
                0.9778106431882093,
                0.5347402095794678
            ],
            [
                0.39555008621999727,
                -0.8980647166296786,
                0.19240554575221577,
                0.1052217856049538
            ]
        ],
        "intrinsic": [
            [
                0.125,
                0.0,
                400.0
            ],
            [
                0.0,
                0.125,
                400.0
            ],
            [
                0.0,
                0.0,
                1.0
            ]
        ]
    },
    {
        "file_path": "./data/r_4_1.png",
        "time": 0.03333333333333333,
        "c2w": [
            [
                0.9184444072949394,
                0.3867730842199273,
                -0.08286405753794816,
                -0.04531628265976906
            ],
            [
                -2.422045734958896e-17,
                0.20949068253232742,
                0.9778106431882093,
                0.5347402095794678
            ],
            [
                0.39555008621999727,
                -0.8980647166296786,
                0.19240554575221577,
                0.1052217856049538
            ]
        ],
        "intrinsic": [
            [
                0.125,
                0.0,
                400.0
            ],
            [
                0.0,
                0.125,
                400.0
            ],
            [
                0.0,
                0.0,
                1.0
            ]
        ]
    },
    {
        "file_path": "./data/r_4_2.png",
        "time": 0.05,
        "c2w": [
            [
                0.9184444072949394,
                0.3867730842199273,
                -0.08286405753794816,
                -0.04531628265976906
            ],
            [
                -2.422045734958896e-17,
                0.20949068253232742,
                0.9778106431882093,
                0.5347402095794678
            ],
            [
                0.39555008621999727,
                -0.8980647166296786,
                0.19240554575221577,
                0.1052217856049538
            ]
        ],
        "intrinsic": [
            [
                0.125,
                0.0,
                400.0
            ],
            [
                0.0,
                0.125,
                400.0
            ],
            [
                0.0,
                0.0,
                1.0
            ]
        ]
    },
    {
        "file_path": "./data/r_4_3.png",
        "time": 0.06666666666666667,
        "c2w": [
            [
                0.9184444072949394,
                0.3867730842199273,
                -0.08286405753794816,
                -0.04531628265976906
            ],
            [
                -2.422045734958896e-17,
                0.20949068253232742,
                0.9778106431882093,
                0.5347402095794678
            ],
            [
                0.39555008621999727,
                -0.8980647166296786,
                0.19240554575221577,
                0.1052217856049538
            ]
        ],
        "intrinsic": [
            [
                0.125,
                0.0,
                400.0
            ],
            [
                0.0,
                0.125,
                400.0
            ],
            [
                0.0,
                0.0,
                1.0
            ]
        ]
    },
    {
        "file_path": "./data/r_4_4.png",
        "time": 0.08333333333333333,
        "c2w": [
            [
                0.9184444072949394,
                0.3867730842199273,
                -0.08286405753794816,
                -0.04531628265976906
            ],
            [
                -2.422045734958896e-17,
                0.20949068253232742,
                0.9778106431882093,
                0.5347402095794678
            ],
            [
                0.39555008621999727,
                -0.8980647166296786,
                0.19240554575221577,
                0.1052217856049538
            ]
        ],
        "intrinsic": [
            [
                0.125,
                0.0,
                400.0
            ],
            [
                0.0,
                0.125,
                400.0
            ],
            [
                0.0,
                0.0,
                1.0
            ]
        ]
    },
    {
        "file_path": "./data/r_4_5.png",
        "time": 0.1,
        "c2w": [
            [
                0.9184444072949394,
                0.3867730842199273,
                -0.08286405753794816,
                -0.04531628265976906
            ],
            [
                -2.422045734958896e-17,
                0.20949068253232742,
                0.9778106431882093,
                0.5347402095794678
            ],
            [
                0.39555008621999727,
                -0.8980647166296786,
                0.19240554575221577,
                0.1052217856049538
            ]
        ],
        "intrinsic": [
            [
                0.125,
                0.0,
                400.0
            ],
            [
                0.0,
                0.125,
                400.0
            ],
            [
                0.0,
                0.0,
                1.0
            ]
        ]
    },
    {
        "file_path": "./data/r_4_6.png",
        "time": 0.11666666666666667,
        "c2w": [
            [
                0.9184444072949394,
                0.3867730842199273,
                -0.08286405753794816,
                -0.04531628265976906
            ],
            [
                -2.422045734958896e-17,
                0.20949068253232742,
                0.9778106431882093,
                0.5347402095794678
            ],
            [
                0.39555008621999727,
                -0.8980647166296786,
                0.19240554575221577,
                0.1052217856049538
            ]
        ],
        "intrinsic": [
            [
                0.125,
                0.0,
                400.0
            ],
            [
                0.0,
                0.125,
                400.0
            ],
            [
                0.0,
                0.0,
                1.0
            ]
        ]
    },
    {
        "file_path": "./data/r_4_7.png",
        "time": 0.13333333333333333,
        "c2w": [
            [
                0.9184444072949394,
                0.3867730842199273,
                -0.08286405753794816,
                -0.04531628265976906
            ],
            [
                -2.422045734958896e-17,
                0.20949068253232742,
                0.9778106431882093,
                0.5347402095794678
            ],
            [
                0.39555008621999727,
                -0.8980647166296786,
                0.19240554575221577,
                0.1052217856049538
            ]
        ],
        "intrinsic": [
            [
                0.125,
                0.0,
                400.0
            ],
            [
                0.0,
                0.125,
                400.0
            ],
            [
                0.0,
                0.0,
                1.0
            ]
        ]
    },
    {
        "file_path": "./data/r_4_8.png",
        "time": 0.15,
        "c2w": [
            [
                0.9184444072949394,
                0.3867730842199273,
                -0.08286405753794816,
                -0.04531628265976906
            ],
            [
                -2.422045734958896e-17,
                0.20949068253232742,
                0.9778106431882093,
                0.5347402095794678
            ],
            [
                0.39555008621999727,
                -0.8980647166296786,
                0.19240554575221577,
                0.1052217856049538
            ]
        ],
        "intrinsic": [
            [
                0.125,
                0.0,
                400.0
            ],
            [
                0.0,
                0.125,
                400.0
            ],
            [
                0.0,
                0.0,
                1.0
            ]
        ]
    },
    {
        "file_path": "./data/r_4_9.png",
        "time": 0.16666666666666666,
        "c2w": [
            [
                0.9184444072949394,
                0.3867730842199273,
                -0.08286405753794816,
                -0.04531628265976906
            ],
            [
                -2.422045734958896e-17,
                0.20949068253232742,
                0.9778106431882093,
                0.5347402095794678
            ],
            [
                0.39555008621999727,
                -0.8980647166296786,
                0.19240554575221577,
                0.1052217856049538
            ]
        ],
        "intrinsic": [
            [
                0.125,
                0.0,
                400.0
            ],
            [
                0.0,
                0.125,
                400.0
            ],
            [
                0.0,
                0.0,
                1.0
            ]
        ]
    },
    {
        "file_path": "./data/r_4_10.png",
        "time": 0.18333333333333332,
        "c2w": [
            [
                0.9184444072949394,
                0.3867730842199273,
                -0.08286405753794816,
                -0.04531628265976906
            ],
            [
                -2.422045734958896e-17,
                0.20949068253232742,
                0.9778106431882093,
                0.5347402095794678
            ],
            [
                0.39555008621999727,
                -0.8980647166296786,
                0.19240554575221577,
                0.1052217856049538
            ]
        ],
        "intrinsic": [
            [
                0.125,
                0.0,
                400.0
            ],
            [
                0.0,
                0.125,
                400.0
            ],
            [
                0.0,
                0.0,
                1.0
            ]
        ]
    },
    {
        "file_path": "./data/r_4_11.png",
        "time": 0.2,
        "c2w": [
            [
                0.9184444072949394,
                0.3867730842199273,
                -0.08286405753794816,
                -0.04531628265976906
            ],
            [
                -2.422045734958896e-17,
                0.20949068253232742,
                0.9778106431882093,
                0.5347402095794678
            ],
            [
                0.39555008621999727,
                -0.8980647166296786,
                0.19240554575221577,
                0.1052217856049538
            ]
        ],
        "intrinsic": [
            [
                0.125,
                0.0,
                400.0
            ],
            [
                0.0,
                0.125,
                400.0
            ],
            [
                0.0,
                0.0,
                1.0
            ]
        ]
    },
    {
        "file_path": "./data/r_4_12.png",
        "time": 0.21666666666666667,
        "c2w": [
            [
                0.9184444072949394,
                0.3867730842199273,
                -0.08286405753794816,
                -0.04531628265976906
            ],
            [
                -2.422045734958896e-17,
                0.20949068253232742,
                0.9778106431882093,
                0.5347402095794678
            ],
            [
                0.39555008621999727,
                -0.8980647166296786,
                0.19240554575221577,
                0.1052217856049538
            ]
        ],
        "intrinsic": [
            [
                0.125,
                0.0,
                400.0
            ],
            [
                0.0,
                0.125,
                400.0
            ],
            [
                0.0,
                0.0,
                1.0
            ]
        ]
    },
    {
        "file_path": "./data/r_4_13.png",
        "time": 0.23333333333333334,
        "c2w": [
            [
                0.9184444072949394,
                0.3867730842199273,
                -0.08286405753794816,
                -0.04531628265976906
            ],
            [
                -2.422045734958896e-17,
                0.20949068253232742,
                0.9778106431882093,
                0.5347402095794678
            ],
            [
                0.39555008621999727,
                -0.8980647166296786,
                0.19240554575221577,
                0.1052217856049538
            ]
        ],
        "intrinsic": [
            [
                0.125,
                0.0,
                400.0
            ],
            [
                0.0,
                0.125,
                400.0
            ],
            [
                0.0,
                0.0,
                1.0
            ]
        ]
    },
    {
        "file_path": "./data/r_4_14.png",
        "time": 0.25,
        "c2w": [
            [
                0.9184444072949394,
                0.3867730842199273,
                -0.08286405753794816,
                -0.04531628265976906
            ],
            [
                -2.422045734958896e-17,
                0.20949068253232742,
                0.9778106431882093,
                0.5347402095794678
            ],
            [
                0.39555008621999727,
                -0.8980647166296786,
                0.19240554575221577,
                0.1052217856049538
            ]
        ],
        "intrinsic": [
            [
                0.125,
                0.0,
                400.0
            ],
            [
                0.0,
                0.125,
                400.0
            ],
            [
                0.0,
                0.0,
                1.0
            ]
        ]
    },
    {
        "file_path": "./data/r_4_15.png",
        "time": 0.26666666666666666,
        "c2w": [
            [
                0.9184444072949394,
                0.3867730842199273,
                -0.08286405753794816,
                -0.04531628265976906
            ],
            [
                -2.422045734958896e-17,
                0.20949068253232742,
                0.9778106431882093,
                0.5347402095794678
            ],
            [
                0.39555008621999727,
                -0.8980647166296786,
                0.19240554575221577,
                0.1052217856049538
            ]
        ],
        "intrinsic": [
            [
                0.125,
                0.0,
                400.0
            ],
            [
                0.0,
                0.125,
                400.0
            ],
            [
                0.0,
                0.0,
                1.0
            ]
        ]
    },
    {
        "file_path": "./data/r_4_16.png",
        "time": 0.2833333333333333,
        "c2w": [
            [
                0.9184444072949394,
                0.3867730842199273,
                -0.08286405753794816,
                -0.04531628265976906
            ],
            [
                -2.422045734958896e-17,
                0.20949068253232742,
                0.9778106431882093,
                0.5347402095794678
            ],
            [
                0.39555008621999727,
                -0.8980647166296786,
                0.19240554575221577,
                0.1052217856049538
            ]
        ],
        "intrinsic": [
            [
                0.125,
                0.0,
                400.0
            ],
            [
                0.0,
                0.125,
                400.0
            ],
            [
                0.0,
                0.0,
                1.0
            ]
        ]
    },
    {
        "file_path": "./data/r_4_17.png",
        "time": 0.3,
        "c2w": [
            [
                0.9184444072949394,
                0.3867730842199273,
                -0.08286405753794816,
                -0.04531628265976906
            ],
            [
                -2.422045734958896e-17,
                0.20949068253232742,
                0.9778106431882093,
                0.5347402095794678
            ],
            [
                0.39555008621999727,
                -0.8980647166296786,
                0.19240554575221577,
                0.1052217856049538
            ]
        ],
        "intrinsic": [
            [
                0.125,
                0.0,
                400.0
            ],
            [
                0.0,
                0.125,
                400.0
            ],
            [
                0.0,
                0.0,
                1.0
            ]
        ]
    },
    {
        "file_path": "./data/r_4_18.png",
        "time": 0.31666666666666665,
        "c2w": [
            [
                0.9184444072949394,
                0.3867730842199273,
                -0.08286405753794816,
                -0.04531628265976906
            ],
            [
                -2.422045734958896e-17,
                0.20949068253232742,
                0.9778106431882093,
                0.5347402095794678
            ],
            [
                0.39555008621999727,
                -0.8980647166296786,
                0.19240554575221577,
                0.1052217856049538
            ]
        ],
        "intrinsic": [
            [
                0.125,
                0.0,
                400.0
            ],
            [
                0.0,
                0.125,
                400.0
            ],
            [
                0.0,
                0.0,
                1.0
            ]
        ]
    },
    {
        "file_path": "./data/r_4_19.png",
        "time": 0.3333333333333333,
        "c2w": [
            [
                0.9184444072949394,
                0.3867730842199273,
                -0.08286405753794816,
                -0.04531628265976906
            ],
            [
                -2.422045734958896e-17,
                0.20949068253232742,
                0.9778106431882093,
                0.5347402095794678
            ],
            [
                0.39555008621999727,
                -0.8980647166296786,
                0.19240554575221577,
                0.1052217856049538
            ]
        ],
        "intrinsic": [
            [
                0.125,
                0.0,
                400.0
            ],
            [
                0.0,
                0.125,
                400.0
            ],
            [
                0.0,
                0.0,
                1.0
            ]
        ]
    },
    {
        "file_path": "./data/r_4_20.png",
        "time": 0.35,
        "c2w": [
            [
                0.9184444072949394,
                0.3867730842199273,
                -0.08286405753794816,
                -0.04531628265976906
            ],
            [
                -2.422045734958896e-17,
                0.20949068253232742,
                0.9778106431882093,
                0.5347402095794678
            ],
            [
                0.39555008621999727,
                -0.8980647166296786,
                0.19240554575221577,
                0.1052217856049538
            ]
        ],
        "intrinsic": [
            [
                0.125,
                0.0,
                400.0
            ],
            [
                0.0,
                0.125,
                400.0
            ],
            [
                0.0,
                0.0,
                1.0
            ]
        ]
    },
    {
        "file_path": "./data/r_4_21.png",
        "time": 0.36666666666666664,
        "c2w": [
            [
                0.9184444072949394,
                0.3867730842199273,
                -0.08286405753794816,
                -0.04531628265976906
            ],
            [
                -2.422045734958896e-17,
                0.20949068253232742,
                0.9778106431882093,
                0.5347402095794678
            ],
            [
                0.39555008621999727,
                -0.8980647166296786,
                0.19240554575221577,
                0.1052217856049538
            ]
        ],
        "intrinsic": [
            [
                0.125,
                0.0,
                400.0
            ],
            [
                0.0,
                0.125,
                400.0
            ],
            [
                0.0,
                0.0,
                1.0
            ]
        ]
    },
    {
        "file_path": "./data/r_4_22.png",
        "time": 0.3833333333333333,
        "c2w": [
            [
                0.9184444072949394,
                0.3867730842199273,
                -0.08286405753794816,
                -0.04531628265976906
            ],
            [
                -2.422045734958896e-17,
                0.20949068253232742,
                0.9778106431882093,
                0.5347402095794678
            ],
            [
                0.39555008621999727,
                -0.8980647166296786,
                0.19240554575221577,
                0.1052217856049538
            ]
        ],
        "intrinsic": [
            [
                0.125,
                0.0,
                400.0
            ],
            [
                0.0,
                0.125,
                400.0
            ],
            [
                0.0,
                0.0,
                1.0
            ]
        ]
    },
    {
        "file_path": "./data/r_4_23.png",
        "time": 0.4,
        "c2w": [
            [
                0.9184444072949394,
                0.3867730842199273,
                -0.08286405753794816,
                -0.04531628265976906
            ],
            [
                -2.422045734958896e-17,
                0.20949068253232742,
                0.9778106431882093,
                0.5347402095794678
            ],
            [
                0.39555008621999727,
                -0.8980647166296786,
                0.19240554575221577,
                0.1052217856049538
            ]
        ],
        "intrinsic": [
            [
                0.125,
                0.0,
                400.0
            ],
            [
                0.0,
                0.125,
                400.0
            ],
            [
                0.0,
                0.0,
                1.0
            ]
        ]
    },
    {
        "file_path": "./data/r_4_24.png",
        "time": 0.4166666666666667,
        "c2w": [
            [
                0.9184444072949394,
                0.3867730842199273,
                -0.08286405753794816,
                -0.04531628265976906
            ],
            [
                -2.422045734958896e-17,
                0.20949068253232742,
                0.9778106431882093,
                0.5347402095794678
            ],
            [
                0.39555008621999727,
                -0.8980647166296786,
                0.19240554575221577,
                0.1052217856049538
            ]
        ],
        "intrinsic": [
            [
                0.125,
                0.0,
                400.0
            ],
            [
                0.0,
                0.125,
                400.0
            ],
            [
                0.0,
                0.0,
                1.0
            ]
        ]
    },
    {
        "file_path": "./data/r_4_25.png",
        "time": 0.43333333333333335,
        "c2w": [
            [
                0.9184444072949394,
                0.3867730842199273,
                -0.08286405753794816,
                -0.04531628265976906
            ],
            [
                -2.422045734958896e-17,
                0.20949068253232742,
                0.9778106431882093,
                0.5347402095794678
            ],
            [
                0.39555008621999727,
                -0.8980647166296786,
                0.19240554575221577,
                0.1052217856049538
            ]
        ],
        "intrinsic": [
            [
                0.125,
                0.0,
                400.0
            ],
            [
                0.0,
                0.125,
                400.0
            ],
            [
                0.0,
                0.0,
                1.0
            ]
        ]
    },
    {
        "file_path": "./data/r_4_26.png",
        "time": 0.45,
        "c2w": [
            [
                0.9184444072949394,
                0.3867730842199273,
                -0.08286405753794816,
                -0.04531628265976906
            ],
            [
                -2.422045734958896e-17,
                0.20949068253232742,
                0.9778106431882093,
                0.5347402095794678
            ],
            [
                0.39555008621999727,
                -0.8980647166296786,
                0.19240554575221577,
                0.1052217856049538
            ]
        ],
        "intrinsic": [
            [
                0.125,
                0.0,
                400.0
            ],
            [
                0.0,
                0.125,
                400.0
            ],
            [
                0.0,
                0.0,
                1.0
            ]
        ]
    },
    {
        "file_path": "./data/r_4_27.png",
        "time": 0.4666666666666667,
        "c2w": [
            [
                0.9184444072949394,
                0.3867730842199273,
                -0.08286405753794816,
                -0.04531628265976906
            ],
            [
                -2.422045734958896e-17,
                0.20949068253232742,
                0.9778106431882093,
                0.5347402095794678
            ],
            [
                0.39555008621999727,
                -0.8980647166296786,
                0.19240554575221577,
                0.1052217856049538
            ]
        ],
        "intrinsic": [
            [
                0.125,
                0.0,
                400.0
            ],
            [
                0.0,
                0.125,
                400.0
            ],
            [
                0.0,
                0.0,
                1.0
            ]
        ]
    },
    {
        "file_path": "./data/r_4_28.png",
        "time": 0.48333333333333334,
        "c2w": [
            [
                0.9184444072949394,
                0.3867730842199273,
                -0.08286405753794816,
                -0.04531628265976906
            ],
            [
                -2.422045734958896e-17,
                0.20949068253232742,
                0.9778106431882093,
                0.5347402095794678
            ],
            [
                0.39555008621999727,
                -0.8980647166296786,
                0.19240554575221577,
                0.1052217856049538
            ]
        ],
        "intrinsic": [
            [
                0.125,
                0.0,
                400.0
            ],
            [
                0.0,
                0.125,
                400.0
            ],
            [
                0.0,
                0.0,
                1.0
            ]
        ]
    },
    {
        "file_path": "./data/r_4_29.png",
        "time": 0.5,
        "c2w": [
            [
                0.9184444072949394,
                0.3867730842199273,
                -0.08286405753794816,
                -0.04531628265976906
            ],
            [
                -2.422045734958896e-17,
                0.20949068253232742,
                0.9778106431882093,
                0.5347402095794678
            ],
            [
                0.39555008621999727,
                -0.8980647166296786,
                0.19240554575221577,
                0.1052217856049538
            ]
        ],
        "intrinsic": [
            [
                0.125,
                0.0,
                400.0
            ],
            [
                0.0,
                0.125,
                400.0
            ],
            [
                0.0,
                0.0,
                1.0
            ]
        ]
    },
    {
        "file_path": "./data/r_4_30.png",
        "time": 0.5166666666666666,
        "c2w": [
            [
                0.9184444072949394,
                0.3867730842199273,
                -0.08286405753794816,
                -0.04531628265976906
            ],
            [
                -2.422045734958896e-17,
                0.20949068253232742,
                0.9778106431882093,
                0.5347402095794678
            ],
            [
                0.39555008621999727,
                -0.8980647166296786,
                0.19240554575221577,
                0.1052217856049538
            ]
        ],
        "intrinsic": [
            [
                0.125,
                0.0,
                400.0
            ],
            [
                0.0,
                0.125,
                400.0
            ],
            [
                0.0,
                0.0,
                1.0
            ]
        ]
    },
    {
        "file_path": "./data/r_4_31.png",
        "time": 0.5333333333333333,
        "c2w": [
            [
                0.9184444072949394,
                0.3867730842199273,
                -0.08286405753794816,
                -0.04531628265976906
            ],
            [
                -2.422045734958896e-17,
                0.20949068253232742,
                0.9778106431882093,
                0.5347402095794678
            ],
            [
                0.39555008621999727,
                -0.8980647166296786,
                0.19240554575221577,
                0.1052217856049538
            ]
        ],
        "intrinsic": [
            [
                0.125,
                0.0,
                400.0
            ],
            [
                0.0,
                0.125,
                400.0
            ],
            [
                0.0,
                0.0,
                1.0
            ]
        ]
    },
    {
        "file_path": "./data/r_4_32.png",
        "time": 0.55,
        "c2w": [
            [
                0.9184444072949394,
                0.3867730842199273,
                -0.08286405753794816,
                -0.04531628265976906
            ],
            [
                -2.422045734958896e-17,
                0.20949068253232742,
                0.9778106431882093,
                0.5347402095794678
            ],
            [
                0.39555008621999727,
                -0.8980647166296786,
                0.19240554575221577,
                0.1052217856049538
            ]
        ],
        "intrinsic": [
            [
                0.125,
                0.0,
                400.0
            ],
            [
                0.0,
                0.125,
                400.0
            ],
            [
                0.0,
                0.0,
                1.0
            ]
        ]
    },
    {
        "file_path": "./data/r_4_33.png",
        "time": 0.5666666666666667,
        "c2w": [
            [
                0.9184444072949394,
                0.3867730842199273,
                -0.08286405753794816,
                -0.04531628265976906
            ],
            [
                -2.422045734958896e-17,
                0.20949068253232742,
                0.9778106431882093,
                0.5347402095794678
            ],
            [
                0.39555008621999727,
                -0.8980647166296786,
                0.19240554575221577,
                0.1052217856049538
            ]
        ],
        "intrinsic": [
            [
                0.125,
                0.0,
                400.0
            ],
            [
                0.0,
                0.125,
                400.0
            ],
            [
                0.0,
                0.0,
                1.0
            ]
        ]
    },
    {
        "file_path": "./data/r_4_34.png",
        "time": 0.5833333333333334,
        "c2w": [
            [
                0.9184444072949394,
                0.3867730842199273,
                -0.08286405753794816,
                -0.04531628265976906
            ],
            [
                -2.422045734958896e-17,
                0.20949068253232742,
                0.9778106431882093,
                0.5347402095794678
            ],
            [
                0.39555008621999727,
                -0.8980647166296786,
                0.19240554575221577,
                0.1052217856049538
            ]
        ],
        "intrinsic": [
            [
                0.125,
                0.0,
                400.0
            ],
            [
                0.0,
                0.125,
                400.0
            ],
            [
                0.0,
                0.0,
                1.0
            ]
        ]
    },
    {
        "file_path": "./data/r_4_35.png",
        "time": 0.6,
        "c2w": [
            [
                0.9184444072949394,
                0.3867730842199273,
                -0.08286405753794816,
                -0.04531628265976906
            ],
            [
                -2.422045734958896e-17,
                0.20949068253232742,
                0.9778106431882093,
                0.5347402095794678
            ],
            [
                0.39555008621999727,
                -0.8980647166296786,
                0.19240554575221577,
                0.1052217856049538
            ]
        ],
        "intrinsic": [
            [
                0.125,
                0.0,
                400.0
            ],
            [
                0.0,
                0.125,
                400.0
            ],
            [
                0.0,
                0.0,
                1.0
            ]
        ]
    },
    {
        "file_path": "./data/r_4_36.png",
        "time": 0.6166666666666667,
        "c2w": [
            [
                0.9184444072949394,
                0.3867730842199273,
                -0.08286405753794816,
                -0.04531628265976906
            ],
            [
                -2.422045734958896e-17,
                0.20949068253232742,
                0.9778106431882093,
                0.5347402095794678
            ],
            [
                0.39555008621999727,
                -0.8980647166296786,
                0.19240554575221577,
                0.1052217856049538
            ]
        ],
        "intrinsic": [
            [
                0.125,
                0.0,
                400.0
            ],
            [
                0.0,
                0.125,
                400.0
            ],
            [
                0.0,
                0.0,
                1.0
            ]
        ]
    },
    {
        "file_path": "./data/r_4_37.png",
        "time": 0.6333333333333333,
        "c2w": [
            [
                0.9184444072949394,
                0.3867730842199273,
                -0.08286405753794816,
                -0.04531628265976906
            ],
            [
                -2.422045734958896e-17,
                0.20949068253232742,
                0.9778106431882093,
                0.5347402095794678
            ],
            [
                0.39555008621999727,
                -0.8980647166296786,
                0.19240554575221577,
                0.1052217856049538
            ]
        ],
        "intrinsic": [
            [
                0.125,
                0.0,
                400.0
            ],
            [
                0.0,
                0.125,
                400.0
            ],
            [
                0.0,
                0.0,
                1.0
            ]
        ]
    },
    {
        "file_path": "./data/r_4_38.png",
        "time": 0.65,
        "c2w": [
            [
                0.9184444072949394,
                0.3867730842199273,
                -0.08286405753794816,
                -0.04531628265976906
            ],
            [
                -2.422045734958896e-17,
                0.20949068253232742,
                0.9778106431882093,
                0.5347402095794678
            ],
            [
                0.39555008621999727,
                -0.8980647166296786,
                0.19240554575221577,
                0.1052217856049538
            ]
        ],
        "intrinsic": [
            [
                0.125,
                0.0,
                400.0
            ],
            [
                0.0,
                0.125,
                400.0
            ],
            [
                0.0,
                0.0,
                1.0
            ]
        ]
    },
    {
        "file_path": "./data/r_4_39.png",
        "time": 0.6666666666666666,
        "c2w": [
            [
                0.9184444072949394,
                0.3867730842199273,
                -0.08286405753794816,
                -0.04531628265976906
            ],
            [
                -2.422045734958896e-17,
                0.20949068253232742,
                0.9778106431882093,
                0.5347402095794678
            ],
            [
                0.39555008621999727,
                -0.8980647166296786,
                0.19240554575221577,
                0.1052217856049538
            ]
        ],
        "intrinsic": [
            [
                0.125,
                0.0,
                400.0
            ],
            [
                0.0,
                0.125,
                400.0
            ],
            [
                0.0,
                0.0,
                1.0
            ]
        ]
    },
    {
        "file_path": "./data/r_4_40.png",
        "time": 0.6833333333333333,
        "c2w": [
            [
                0.9184444072949394,
                0.3867730842199273,
                -0.08286405753794816,
                -0.04531628265976906
            ],
            [
                -2.422045734958896e-17,
                0.20949068253232742,
                0.9778106431882093,
                0.5347402095794678
            ],
            [
                0.39555008621999727,
                -0.8980647166296786,
                0.19240554575221577,
                0.1052217856049538
            ]
        ],
        "intrinsic": [
            [
                0.125,
                0.0,
                400.0
            ],
            [
                0.0,
                0.125,
                400.0
            ],
